# Binary to real test data, 2D, interval from (0,0,0) to (1,1,1)
0 : The binary vector length is not divisible by the dimensionality of the target vector space.
1 : The binary vector length is not divisible by the dimensionality of the target vector space.
0 0 : The binary vector length is not divisible by the dimensionality of the target vector space.
0 1 : The binary vector length is not divisible by the dimensionality of the target vector space.
1 0 : The binary vector length is not divisible by the dimensionality of the target vector space.
1 1 : The binary vector length is not divisible by the dimensionality of the target vector space.
0 0 0 : [0.0, 0.0, 0.0]
0 0 1 : [0.0, 0.0, 1.0]
0 1 0 : [0.0, 1.0, 0.0]
0 1 1 : [0.0, 1.0, 1.0]
1 0 0 : [1.0, 0.0, 0.0]
1 0 1 : [1.0, 0.0, 1.0]
1 1 0 : [1.0, 1.0, 0.0]
1 1 1 : [1.0, 1.0, 1.0]
0 0 0 0 0 0 0 0 0 0 0 0 : [0.0, 0.0, 0.0]
1 1 1 1 1 1 1 1 1 1 1 1 : [1.0, 1.0, 1.0]
0 0 0 0 0 0 0 0 0 0 0 1 : [0.0, 0.0, 0.06666666666666667]
0 1 1 1 1 1 1 1 1 1 1 1 : [0.4666666666666667, 1.0, 1.0]
1 0 0 0 0 0 0 0 0 0 0 0 : [0.5333333333333333, 0.0, 0.0]
1 1 1 1 1 1 1 1 1 1 1 0 : [1.0, 1.0, 0.9333333333333333]
0 0 0 0 0 1 0 0 0 0 0 1 : [0.0, 0.26666666666666666, 0.06666666666666667]
0 1 1 1 1 1 0 1 1 1 1 1 : [0.4666666666666667, 0.8666666666666667, 1.0]
1 0 0 0 0 0 1 0 0 0 0 0 : [0.5333333333333333, 0.13333333333333333, 0.0]
1 1 1 1 1 0 1 1 1 1 1 0 : [1.0, 0.7333333333333333, 0.9333333333333333]
0 0 0 1 0 0 0 1 0 0 0 1 : [0.06666666666666667, 0.06666666666666667, 0.06666666666666667]
0 1 1 1 0 1 1 1 0 1 1 1 : [0.4666666666666667, 0.4666666666666667, 0.4666666666666667]
1 0 0 0 1 0 0 0 1 0 0 0 : [0.5333333333333333, 0.5333333333333333, 0.5333333333333333]
1 1 1 0 1 1 1 0 1 1 1 0 : [0.9333333333333333, 0.9333333333333333, 0.9333333333333333]
0 0 1 0 0 1 0 0 1 0 0 1 : [0.13333333333333333, 0.26666666666666666, 0.6]
0 1 1 0 1 1 0 1 1 0 1 1 : [0.4, 0.8666666666666667, 0.7333333333333333]
1 0 0 1 0 0 1 0 0 1 0 0 : [0.6, 0.13333333333333333, 0.26666666666666666]
1 1 0 1 1 0 1 1 0 1 1 0 : [0.8666666666666667, 0.7333333333333333, 0.4]
0 1 0 1 0 1 0 1 0 1 0 1 : [0.3333333333333333, 0.3333333333333333, 0.3333333333333333]
1 0 1 0 1 0 1 0 1 0 1 0 : [0.6666666666666666, 0.6666666666666666, 0.6666666666666666]
