# Binary to real test data, 1D, interval (0, 1)
0 : [0.0]
1 : [1.0]
0 0 : [0.0]
0 1 : [0.3333333333333333]
1 0 : [0.6666666666666666]
1 1 : [1.0]
0 0 0 : [0.0]
0 0 1 : [0.14285714285714285]
0 1 0 : [0.2857142857142857]
0 1 1 : [0.42857142857142855]
1 0 0 : [0.5714285714285714]
1 0 1 : [0.7142857142857143]
1 1 0 : [0.8571428571428571]
1 1 1 : [1.0]
0 0 0 0 0 0 0 0 0 0 0 0 : [0.0]
1 1 1 1 1 1 1 1 1 1 1 1 : [1.0]
0 0 0 0 0 0 0 0 0 0 0 1 : [0.0002442002442002442]
0 1 1 1 1 1 1 1 1 1 1 1 : [0.4998778998778999]
1 0 0 0 0 0 0 0 0 0 0 0 : [0.5001221001221001]
1 1 1 1 1 1 1 1 1 1 1 0 : [0.9997557997557998]
0 0 0 0 0 1 0 0 0 0 0 1 : [0.015873015873015872]
0 1 1 1 1 1 0 1 1 1 1 1 : [0.49206349206349204]
1 0 0 0 0 0 1 0 0 0 0 0 : [0.5079365079365079]
1 1 1 1 1 0 1 1 1 1 1 0 : [0.9841269841269841]
0 0 0 1 0 0 0 1 0 0 0 1 : [0.06666666666666667]
0 1 1 1 0 1 1 1 0 1 1 1 : [0.4666666666666667]
1 0 0 0 1 0 0 0 1 0 0 0 : [0.5333333333333333]
1 1 1 0 1 1 1 0 1 1 1 0 : [0.9333333333333333]
0 0 1 0 0 1 0 0 1 0 0 1 : [0.14285714285714285]
0 1 1 0 1 1 0 1 1 0 1 1 : [0.42857142857142855]
1 0 0 1 0 0 1 0 0 1 0 0 : [0.5714285714285714]
1 1 0 1 1 0 1 1 0 1 1 0 : [0.8571428571428571]
0 1 0 1 0 1 0 1 0 1 0 1 : [0.3333333333333333]
1 0 1 0 1 0 1 0 1 0 1 0 : [0.6666666666666666]
