# Binary to real test data, 1D, interval (-5, 5)
0 : [-5.0]
1 : [5.0]
0 0 : [-5.0]
0 1 : [-1.6666666666666665]
1 0 : [1.666666666666667]
1 1 : [5.0]
0 0 0 : [-5.0]
0 0 1 : [-3.571428571428571]
0 1 0 : [-2.142857142857143]
0 1 1 : [-0.7142857142857144]
1 0 0 : [0.7142857142857144]
1 0 1 : [2.1428571428571432]
1 1 0 : [3.571428571428571]
1 1 1 : [5.0]
0 0 0 0 0 0 0 0 0 0 0 0 : [-5.0]
1 1 1 1 1 1 1 1 1 1 1 1 : [5.0]
0 0 0 0 0 0 0 0 0 0 0 1 : [-4.997557997557998]
0 1 1 1 1 1 1 1 1 1 1 1 : [-0.0012210012210012167]
1 0 0 0 0 0 0 0 0 0 0 0 : [0.0012210012210012167]
1 1 1 1 1 1 1 1 1 1 1 0 : [4.997557997557998]
0 0 0 0 0 1 0 0 0 0 0 1 : [-4.841269841269841]
0 1 1 1 1 1 0 1 1 1 1 1 : [-0.07936507936507908]
1 0 0 0 0 0 1 0 0 0 0 0 : [0.07936507936507908]
1 1 1 1 1 0 1 1 1 1 1 0 : [4.841269841269842]
0 0 0 1 0 0 0 1 0 0 0 1 : [-4.333333333333333]
0 1 1 1 0 1 1 1 0 1 1 1 : [-0.33333333333333304]
1 0 0 0 1 0 0 0 1 0 0 0 : [0.33333333333333304]
1 1 1 0 1 1 1 0 1 1 1 0 : [4.333333333333334]
0 0 1 0 0 1 0 0 1 0 0 1 : [-3.571428571428571]
0 1 1 0 1 1 0 1 1 0 1 1 : [-0.7142857142857144]
1 0 0 1 0 0 1 0 0 1 0 0 : [0.7142857142857144]
1 1 0 1 1 0 1 1 0 1 1 0 : [3.571428571428571]
0 1 0 1 0 1 0 1 0 1 0 1 : [-1.6666666666666665]
1 0 1 0 1 0 1 0 1 0 1 0 : [1.666666666666667]
