# Binary to real test data, 1D, interval (0, 4095)
0 : [0.0]
1 : [4095.0]
0 0 : [0.0]
0 1 : [1365.0]
1 0 : [2730.0]
1 1 : [4095.0]
0 0 0 : [0.0]
0 0 1 : [585.0]
0 1 0 : [1170.0]
0 1 1 : [1755.0]
1 0 0 : [2340.0]
1 0 1 : [2925.0]
1 1 0 : [3510.0]
1 1 1 : [4095.0]
0 0 0 0 0 0 0 0 0 0 0 0 : [0.0]
1 1 1 1 1 1 1 1 1 1 1 1 : [4095.0]
0 0 0 0 0 0 0 0 0 0 0 1 : [1.0]
0 1 1 1 1 1 1 1 1 1 1 1 : [2047.0]
1 0 0 0 0 0 0 0 0 0 0 0 : [2048.0]
1 1 1 1 1 1 1 1 1 1 1 0 : [4094.0]
0 0 0 0 0 1 0 0 0 0 0 1 : [65.0]
0 1 1 1 1 1 0 1 1 1 1 1 : [2015.0]
1 0 0 0 0 0 1 0 0 0 0 0 : [2080.0]
1 1 1 1 1 0 1 1 1 1 1 0 : [4030.0]
0 0 0 1 0 0 0 1 0 0 0 1 : [273.0]
0 1 1 1 0 1 1 1 0 1 1 1 : [1911.0]
1 0 0 0 1 0 0 0 1 0 0 0 : [2184.0]
1 1 1 0 1 1 1 0 1 1 1 0 : [3822.0]
0 0 1 0 0 1 0 0 1 0 0 1 : [585.0]
0 1 1 0 1 1 0 1 1 0 1 1 : [1755.0]
1 0 0 1 0 0 1 0 0 1 0 0 : [2340.0]
1 1 0 1 1 0 1 1 0 1 1 0 : [3510.0]
0 1 0 1 0 1 0 1 0 1 0 1 : [1365.0]
1 0 1 0 1 0 1 0 1 0 1 0 : [2730.0]
