# Test data for Griewank function.
0 : 0.0
0.5 : 0.12247993810962732
1 : 0.4599476941318603
-0.5 : 0.12247993810962732
-5 : 0.7225878145367739
5 : 0.7225878145367739
0 0 : 0.0
-1 -1 : 0.5897380911762422
-1 1 : 0.5897380911762422
1 -1 : 0.5897380911762422
1 1 : 0.5897380911762422
-0.1 -0.2 : 0.014941804023654082
0.1 0.2 : 0.014941804023654082
-5 -5 : 1.2744346440216008
-5 5 : 1.2744346440216008
5 -5 : 1.2744346440216008
5 5 : 1.2744346440216008
0 0 0 : 0.0
1 1 1 : 0.656567738230001
-5 -5 -5 : 0.765274977211063
-5 -5 5 : 0.765274977211063
-5 5 -5 : 0.765274977211063
-5 5 5 : 0.765274977211063
5 -5 -5 : 0.765274977211063
5 -5 5 : 0.765274977211063
5 5 -5 : 0.765274977211063
5 5 5 : 0.765274977211063
-0.1 -1.2 -2.3 -3.4 -4.5 -5.6 -6.7 -7.8 -8.9 -9.1 : 1.088546150836955
0.1 1.2 2.3 3.4 4.5 5.6 6.7 7.8 8.9 9.1 : 1.088546150836955
0 0 0 0 0 0 0 0 0 0 : 0.0
1 1 1 1 1 1 1 1 1 1 : 0.8067591547236139
