# Test data for Linear function, with coeffs a_i= (1,1,...,1) and bias a_0 = 1
0 : 1
0.5 : 1.5
1 : 2
-0.5 : 0.5
-5 : -4
5 : 6
0 0 : 1
-1 -1 : -1
-1 1 : 1
1 -1 : 1
1 1 : 3
-0.1 -0.2 : 0.7
0.1 0.2 : 1.3
-5 -5 : -9
-5 5 : 1
5 -5 : 1
5 5 : 11
0 0 0 : 1
1 1 1 : 4
-5 -5 -5 : -14
-5 -5 5 : -4
-5 5 -5 : -4
-5 5 5 : 6
5 -5 -5 : -4
5 -5 5 : 6
5 5 -5 : 6
5 5 5 : 16
-0.1 -1.2 -2.3 -3.4 -4.5 -5.6 -6.7 -7.8 -8.9 -9.1 : -48.6
0.1 1.2 2.3 3.4 4.5 5.6 6.7 7.8 8.9 9.1 : 50.6
0 0 0 0 0 0 0 0 0 0 : 1
1 1 1 1 1 1 1 1 1 1 : 11
