# Test data for Rastringin function.
0 : 0.0
0.5 : 20.25
1 : 1.0
-0.5 : 20.25
-5 : 25.0
5 : 25.0
0 0 : 0.0
-1 -1 : 2.0
-1 1 : 2.0
1 -1 : 2.0
1 1 : 2.0
-0.1 -0.2 : 8.869660112501052
0.1 0.2 : 8.869660112501052
-5 -5 : 50.0
-5 5 : 50.0
5 -5 : 50.0
5 5 : 50.0
0 0 0 : 0.0
1 1 1 : 3.0
-5 -5 -5 : 75.0
-5 -5 5 : 75.0
-5 5 -5 : 75.0
-5 5 5 : 75.0
5 -5 -5 : 75.0
5 -5 5 : 75.0
5 5 -5 : 75.0
5 5 5 : 75.0
-0.1 -1.2 -2.3 -3.4 -4.5 -5.6 -6.7 -7.8 -8.9 -9.1 : 439.5698300562505
0.1 1.2 2.3 3.4 4.5 5.6 6.7 7.8 8.9 9.1 : 439.5698300562505
0 0 0 0 0 0 0 0 0 0 : 0.0
1 1 1 1 1 1 1 1 1 1 : 10.0
