# Test data for Sphere function, with offset = (1,1,...,1)
0 : 1
0.5 : 0.25
1 : 0
-0.5 : 2.25
-5 : 36
5 : 16
0 0 : 2
-1 -1 : 8
-1 1 : 4
1 -1 : 4
1 1 : 0
-0.1 -0.2 : 2.6500000000000004
0.1 0.2 : 1.4500000000000002
-5 -5 : 72
-5 5 : 52
5 -5 : 52
5 5 : 32
0 0 0 : 3
1 1 1 : 0
-5 -5 -5 : 108
-5 -5 5 : 88
-5 5 -5 : 88
-5 5 5 : 68
5 -5 -5 : 88
5 -5 5 : 68
5 5 -5 : 68
5 5 5 : 48
-0.1 -1.2 -2.3 -3.4 -4.5 -5.6 -6.7 -7.8 -8.9 -9.1 : 446.85999999999996
0.1 1.2 2.3 3.4 4.5 5.6 6.7 7.8 8.9 9.1 : 248.45999999999998
0 0 0 0 0 0 0 0 0 0 : 10
1 1 1 1 1 1 1 1 1 1 : 0
