# Test data for Step function, with coeffs a_i = (2,3,...,D+1) and bias a_0 = 1
0 : 1
0.5 : 2
1 : 3
-0.5 : 0
-5 : -9
5 : 11
0 0 : 1
-1 -1 : -4
-1 1 : 2
1 -1 : 0
1 1 : 6
-0.1 -0.2 : -1
0.1 0.2 : 1
-5 -5 : -24
-5 5 : 6
5 -5 : -4
5 5 : 26
0 0 0 : 1
1 1 1 : 10
-5 -5 -5 : -44
-5 -5 5 : -4
-5 5 -5 : -14
-5 5 5 : 26
5 -5 -5 : -24
5 -5 5 : 16
5 5 -5 : 6
5 5 5 : 46
-0.1 -1.2 -2.3 -3.4 -4.5 -5.6 -6.7 -7.8 -8.9 -9.1 : -413
0.1 1.2 2.3 3.4 4.5 5.6 6.7 7.8 8.9 9.1 : 408
0 0 0 0 0 0 0 0 0 0 : 1
1 1 1 1 1 1 1 1 1 1 : 66
