
# 1000 iterations
[11 52 14 13 47 26 27 28 12 51 33 43 10  9  8 41 19 45  3 18 31 23 21 17
 42  7  2 30 29 20 50 16 46 25  4  6 15  5 24 48 38 37 40 39 36 34 44 35
 49 32  1 22]
7588

# 2000 iterations
[11 52 14 13 47 26 27 28 12 51 33 43 10  9  8 41 19 45  3 18 31 23 21 17
 42  7  2 30 29 20 50 16 46 25  4  6 15  5 24 48 38 37 40 39 36 34 44 35
 49 32  1 22]
7588

# 3000 iterations
[11 52 14 13 47 26 27 28 12 51 33 43 10  9  8 41 19 45  3 18 31 23 21 17
 42  7  2 30 29 20 50 16 46 25  4  6 15  5 24 48 38 37 40 39 36 34 44 35
 49 32  1 22]
7588

# 4000 iterations
[11 52 14 13 47 26 27 28 12 51 33 43 10  9  8 41 19 45  3 18 31 23 21 17
 42  7  2 30 29 20 50 16 46 25  4  6 15  5 24 48 38 37 40 39 36 34 44 35
 49 32  1 22]
7588

# 5000 iterations
[11 52 14 13 47 26 27 28 12 51 33 43 10  9  8 41 19 45  3 18 31 23 21 17
 42  7  2 30 29 20 50 16 46 25  4  6 15  5 24 48 38 37 40 39 36 34 44 35
 49 32  1 22]
7588

# 6000 iterations
[11 52 14 13 47 26 27 28 12 51 33 43 10  9  8 41 19 45  3 18 31 23 21 17
 42  7  2 30 29 20 50 16 46 25  4  6 15  5 24 48 38 37 40 39 36 34 44 35
 49 32  1 22]
7588

# 7000 iterations
[11 52 14 13 47 26 27 28 12 51 33 43 10  9  8 41 19 45  3 18 31 23 21 17
 42  7  2 30 29 20 50 16 46 25  4  6 15  5 24 48 38 37 40 39 36 34 44 35
 49 32  1 22]
7588

# 8000 iterations
[11 52 14 13 47 26 27 28 12 51 33 43 10  9  8 41 19 45  3 18 31 23 21 17
 42  7  2 30 29 20 50 16 46 25  4  6 15  5 24 48 38 37 40 39 36 34 44 35
 49 32  1 22]
7588

# 9000 iterations
[11 52 14 13 47 26 27 28 12 51 33 43 10  9  8 41 19 45  3 18 31 23 21 17
 42  7  2 30 29 20 50 16 46 25  4  6 15  5 24 48 38 37 40 39 36 34 44 35
 49 32  1 22]
7588

# 10000 iterations
[11 52 14 13 47 26 27 28 12 51 33 43 10  9  8 41 19 45  3 18 31 23 21 17
 42  7  2 30 29 20 50 16 46 25  4  6 15  5 24 48 38 37 40 39 36 34 44 35
 49 32  1 22]
7588
