
# 1000 iterations
[385 423  26 225 237 233 246 346 362 384 254 322 294 265 247 281 158 192
 161 171 191 143 118 186 185 190 269 422 312 217 306 292 240  44   4  10
   9  72  76  20  55 210 314 241 218 405 450 457 386 242 325 431 478 482
 487 493 492 484 296 480 430 239 469 479 452 286 231 375 345 458 170 145
 122 160 159 156 268 255  29 327 208 436 387 350 153 157 129 137 149  19
  16   7   5  36  40   1   8  70  99  60  53  84  57  22  43 125 148 138
 167 175  23 301 224 256 316 300 274 226 193 302 409 470 446 251 491 402
 426 165 127 101 144 141 136 150 110 104  89 134 147 298 341 250 205 102
  61  18  46 126 114  98 106  87  14  81  80  73  54  41  50  12  49   2
  56  45  48  47   6  21 174 273 351 214 293 304 215 271 267 330 462 465
 383 310 400 202 303 275 178 454 289 376 366 270 342 272 329 336 295 363
 337 369 343 411 221 173 152 140 123 108  71  62 128 105  97 131 176 461
 471 412 414 421 287 347 354 408 334 370 429 397 232 204 213 228 220 392
  37 216 130 100  94 142  65  64  85  67  86 139 166 155 146 135 113 112
  93  74 276 189 197 266  42 163 222 425 290 483 315 481 451 419 490 340
 448 449 404 394 309 319 253 212 151 184 111  95  88 116  79  83  77 121
  92  78  75  90  66  68 107  91 103 120 124 109 188 183 437 427 489 439
 434 380 442 280 219 236 467 388 444 406 358 424 459 455 245 308 435 278
 307 401 413 227 348 372 407 443 374 360 390 460  27 463 359 474 477 468
 475 486 418 441 456 440 356 393 352 373 357 389 367 381 396 433 338 377
 410 332 320 206 164 154  58 133 132 179 297 472 473 476 282 403 415 291
 311 395 361 428 488 324 285 339 288 420 464 382 432 398 257 207 177 199
 331 379 355 485 378 283 284 196 169 198 182 201 277  34  33  39 399 447
 416 323 364 353 321 263 252 238 344 453 235  51  24  35  38  30  28  31
 119 115 181 305 365 417 445 317 335 249 259 258 248 203 229 299 368 261
 243 313 333 391 466 318 349 230 200 260 234 279 264 211 209 162 180 194
 223 244 438 262 328  25 326 371 172 168 187 117  96  59  11   3  13  15
  17  82  63  69  52  32 195]
184858

# 2000 iterations
[385 423  26 305 396 419 451 488 324 274 199 306 261 296 288 260 406 358
 341 250 142  65  64  85  67  86 139 170 145 122 160 152 179 208 227 214
 351 282 165 193 226 252 238 293 472 464 382 218 241 314 263 283 245 200
 125  43  22  57  84  53  60  99  70   8   1  40  37 392 220 228 213 204
 232 397 418 420 233  46  18  61  54  41 458 431 368 480 430 339 284 403
 394 294 322 254 158 192 246 212 206 164 154 133 132 201 438 449 448 483
 290 197 189 276 277  34  33  39 408 440 356 376 302 251 491 402 426 253
 270 366 353 360 331 379 319 230  29 266  42  36   5   7   6  21 174 173
  58  19  16  47  48  56  45   2  49  12  50  74  93 112 113 135 146 155
 166 156 159 106  87  14  81  80  73  97  71  62 128 176 181 163 222 425
 362 384 412 414 318 349 391 469 479 452 404 467 465 462 330 267 215 304
 264 372 348 373 300 316 205 102  98 114 126 130 100  94 109 124 120 103
  91 107  68  66  90  75  78  92 121  77  83  79 116  88  95 111 184 151
 188 183 178 275 320 332 410 386 457 411 343 346 359 463  27 460 390 400
 281 291 311 387 436 471 461 443 444 424 459 455 446 470 409 378 338 337
 342 272 317 445 417 365 447 369 374 328 262 361 428 489 485 355 437 415
 456 439 434 388 312 405 450 352 292 295 278 211 399 466 429 370 334 310
 377 286 280 219 256 229 299 279 234 363 239 327 237 221 454 367 307 249
 259 268 298 273 243 231 217 202 333 313 336 354 347 287 323 364 432 289
 236 344 308 335 441 486 475 468 477 474 476 427 473 478 482 487 493 492
 484 196 177 207 257 203 248 258 407 309 297 421 401 395 321 345 265 191
 143 118 138 148 209 162 180 194 147 134  89 104 110 101 144 141 136 150
 127 105 108 123 140 169 198 182 161 171 167 175 216 315 380 453 375 371
 326  25 244 223 235  51  24  35  38  30  28  31  23 301 224 225 255 433
 381 413 422 269 190 185 186 149 137 131 129 157 153 350 393 435 416 442
 247 357 389 303 285 383 481 329 340 490 271 242 325 398 210  55  59  11
   3  13  15  17  82  63  69  44 240 172  32  52   4  10   9  72  76  20
  96 117 119 115 187 168 195]
160106

# 3000 iterations
[423 385  26 305 396 419 451 407 425 454 414 331 379 319 377 313 263 314
 241 283 245 200 327 221 237 270 232 410 421 401 395 328 246 228 213 289
 352 364 323 371 326  25 392  22  43  86  67  85  64  65 142 250 278 381
 413 422 272 342 341 358 337 353 360 268 298 334 370 429 466 399 211 230
 240 189 197 290 373 300 316 366 437 415 456 439 253 273 243 231 217 202
 172 276 277  34  33  39  37  40   1   8  70  99  60  53  84  57  55  59
  11   3  13  15  17 116 107  91 103 120 124 109  94 100 163 181 176 128
  62  71  97  93 112 113 135 146 155 166 156 159 106  87  14  81  80  73
  74  50  12  49   2   5   7   6  45  56  48  47  16  19  58 173 130 126
 114  98 102 115 119 117  96  20  76  72   9  10   4  52  32  29 210 464
 398 325 242 271 338 310 333 478 473 427 476 474 477 468 475 486 441 335
 356 440 408 383 404 459 455 487 493 336 295 292 357 259 249 307 233 204
 220 247 482 492 484 288 196 177 207 257 203 205 187 168 226 252 238 256
 219 280 286 433 255 225 224 301  23  31  28  30  38  35  24  51 235 216
 175 167 171 161 182 198 169 140 123 108 105 127 150 134  89 104 110 101
 136 141 144 147 194 180 162 209 308 260 296 261 365 417 460  27 463 359
 346 388 430 480 368 309 312 405 450 483 448 449 438 201 132 133 154 164
 206 212 324 488 446 470 409 378 391 424 444 443 461 471 436 387 311 291
 281 345 266  42  36  21 174 222 227 208 179 152 160 122 145 170 139 125
 148 138 118 143 157 153 386 367 265 191 129 131 137 149 186 185 190 269
 382 218 287 347 354 315 380 453 375 302 376 362 384 412 304 215 267 330
 462 465 467 472 469 479 452 363 234 279 299 229 349 318 293 351 282 199
 274 239 223 244 262 339 400 369 374 306 284 394 403 420 418 397 294 322
 434 251 491 402 426 355 485 489 428 361 264 372 348 442 297 411 457 389
 303 285 481 490 340 329 390 445 447 416 435 393 350 343 321 248 258 344
 317 236 184 192 158 254 432 431 458  41  54  61  18  46  44  69  63  82
  79  83  68  66  90  75  78  92 121  77  88  95 111 151 188 183 178 275
 320 332 406 214 165 193 195]
143998

# 4000 iterations
[423 385  26 463 317 393 417 365 261 296 464 409 378 426 402 433 390 369
 360 407 367 256 229 164 206 212 334 370 357 412 304 215 267 438 449 448
 483 450 405 312 309 257 207 177 196 288 484 492 493 487 482 478 473 418
 413 400 330 329 260 308 331 394 359 346 259 249 307 316 485 489 428 361
 324 488 435 416 442 455 459 424 396 460 303 285 384 471 461 443 444 368
 276 277  21 174 222  22  43  86  67  85  64  65 201 189 197 240 230 211
 399 466 429 462 465 467 472 446 470 397 374 300 373 421 395 362 376 302
 311 387 436 434 439 456 415 437 366 339 262 364 323 371 353 337 341 358
 272 342 290 208 227 142 132 133 154 209 162 180 194 147 144 141 136 101
 110 104  89 134 150 234 345 398 210 391 432 431 458 266 187 168 297 411
 457 389 377 306 271 273 243 231 305 298 268 422  27 392  25 326 327 284
 401 351 282 375 250 283 219 265 274 239 453 380 315 354 347 287 251 355
 441 491 335 217 202 172 127 105 108 123 140 169 198 182 161 171 167 175
 216 235  51  24  35  38  30  28  31  23 301 224 225 255 236 184 192 158
 254 386 349 299 279 319 379 447 445 352 289 213 228 381 245 179 152 160
 122 145 176 181 163 135 146 155  58  81  80  73  74  50  12  49   2   5
   7   6  45  47  48  56  16  19  14  87  60  53  84  57  55  59  11   3
  13  15  17  82  63  69  44  46  18  61  54  41  42  36  34  33  39  37
  40   1   8  70  99 106 159 156 166 170 173 130 126 114  98 102 100  94
 109 124 120 103  91 107 116  79  83  68  66  62  71  97  93 112 113 128
 139 125 148 138 118 143 157 153 295 338 292 318 293 322 294 420 388 430
 480 363 475 486 344 328 246 258 248 321 343 350 340 490 481 451 419 348
 372 226 252 238 280 286 336 320 332 427 476 474 477 468 403 281 244 223
 247 220 204 232 233 263 314 414 454 425 278 203 205 199 200 221 237 270
 253 291 313 333 241 310 242 325 469 479 452 404 383 408 440 356 410 264
 191 129 131 137 149 186 185 190 269 382 218  29  32  52   4  10   9  72
  76  20  96 117 119 115  90  75  78  92 121  77  88  95 111 151 188 183
 178 275 406 214 165 193 195]
131863

# 5000 iterations
[212 208 227 142 132 133 154 209 162 180 194 147 144 150 134  89 104 110
 101  98 102 100  94 109 124 120 103  92  91  93  97  71  62  66  68  83
  79 116 107 112 113 128 139 125 148 138 118 143 157 153 192 158 168 187
 331 308 303 285 321 247 220 204 271 273 243 231 305 298 268 422  27 392
  25 326 381 374 397 470 446 472 467 465 462 429 466 464 463  26 385 423
 408 383 404 452 479 332 394 359 346 329 260 320 336 286 232 233 314 414
 254 253 191 179 317 325 375 282 351 401 284 367 292 245 228 213 289 352
 445 447 304 215 267 297 411 457 389 377 306 338 322 294 363 316 307 249
 259 263 250 283 219 265 274 239 184 236 255 398 345 357 370 334 369 390
 443 461 471 368 364 323 371 353 337 341 358 272 342 356 257 207 177 196
 226 366 339 262 270 237 221 200 199 205 203 278 425 333 241 310 242 412
 234 223 244 281 403 439 456 453 380 315 354 347 287 373 490 486 475 318
 293 295 296 261 290 427 476 474 477 468 434 350 343 340 251 355 441 491
 335 217 202 172 127 105 108 123 140 114 126 106  99  56  48  47  45 155
 146 135 130 173 170 166 156 159 160 122 145 176 181 163 186 185 152 129
 131 137 149 190 218 417 393 327 349 386 291 313 300 481 451 442 416 415
 448 483 450 405 344 328 246 258 248 309 312 288 361 324 435 436 387 311
 302 376 362 395 421 372 348 419 455 420 410 440 469 426 402 388 454 473
 478 482 487 493 492 484 428 489 485 488 384 379 444 433 438 449 437 418
 413 400 330 460 396 424 459 480 430 280 238 252 211 230 240 197 189 201
  21 174 222  22  43  86  67  85  64  65 277 276 299 279 319 264 256 229
 164 206 141 136 169 198 182 161 171 167 175 216 235  51  24  35  38  30
  28  31  23 301 225 224 210 391 432 431 458 266 399 409 378 407 360 365
 382 269  29  32  52  50  49   2   5   4  10   9   6   7  12  57  55  59
  11   3   1  40  37  39  33  34  36  42  41  54  53   8  44  46  18  61
  60  87  14  13  15  17  82  63  69  19  16  58  81  80  73  74  84  70
  72  76  20  96  78  75  90 115 119 117 121  77  88  95 111 151 188 183
 178 275 406 214 165 193 195]
114806

# 6000 iterations
[212 208 227 229 254 253 191 246 182 198 127 110 104  89 134 150 144 147
 194 180 162 209 154 133 132 142 164 206 141 136 114 126 106  99  56  48
  47  45 155 146 135 148 125 139 128 113 112 107 116  79  83  68  66  62
  71  97  93  91  92 103 120 124 109  94 100 102  98 101 105 108 123 140
 169 172  21 174 222 230 211 256 187 168 158 192 153 157 143 118 138 130
 189 197 240 277 276 299 279 355 441 247 220 204 271 273 243 257 356 349
 325 317 179 234 223 244 281 300 324 395 421 372 348 440 410 420 455 419
 336 320 286 261 242 264 319 383 404 452 479 332 394 373 490 486 475 469
 426 402 388 313 291 386 359 346 327 218 190 149 152 129 131 137 185 186
 163 181 176 145 122 160 159 156 166 170 173 201 161 171 167 175 216 235
  51  24  35  38  30  28  31  23 301 225 224 210  65  64  85  67  86  43
  22  25 392  27 422 268 231 207 177 196 226 366 344 405 403 481 451 442
 416 415 448 483 450 436 435 454 473 478 482 487 493 492 484 428 489 485
 488 384 328 374 381 397 310 241 321 318 293 295 296 361 362 376 354 347
 287 288 312 309 308 290 232 233 284 401 351 282 375 387 311 302 315 380
 453 456 439 414 412 323 371 341 358 272 342 391 432 431 458 466 429 462
 465 467 472 446 470 353 337 314 285 303 248 258 202 217 335 491 339 262
 270 237 221 200 199 205 203 252 238 280 251 340 343 350 434 468 477 474
 476 427 379 430 480 418 413 400 330 460 396 424 459 437 449 438 444 433
 425 278 260 329 393 417 331 367 292 245 228 213 289 352 445 447 304 215
 267 297 411 457 389 377 306 338 322 294 363 316 307 249 259 263 250 283
 219 265 274 239 184 236 255 398 345 357 408  26 385 423 305 298 399 266
 326 370 334 369 368 364 333 463 464 409 378 407 360 365 471 461 443 390
 382 269  29  32  52  50  49   2   5   4  10   9   6   7  12  57  55  59
  11   8  53  54  41  42  36  34  33  39  37  40   1   3  44  46  18  61
  60  87  14  13  15  17  58  16  19  69  63  82  81  80  73  74  84  20
  70  72  76  96  78  75  90 115 119 117 121  77  88  95 111 151 188 183
 178 214 406 275 165 193 195]
107368

# 7000 iterations
[ 94 109 103  92  91  93  97  99 106 113 112 107 116  79  83  68  66  62
  71  56  48  47  45 155 146 135 148 172 169 198 182 187 168 158 192 153
 157 143 118 138 130 141 136 128 139 125 126 114 104 124 120 110 127 140
 123 108 105 101  98 102 100  89 134 150 144 147 194 180 162 209 154 133
 132 142 164 206 189 197 240 277 276 299 279 256 211 230 222 174  21  22
  43  86  67  85  64  65 161 171 167 159 160 122 145 156 166 170 173 201
 210 224 225 301  23  31  28  30  38  35  24  51 235 216 175 176 181 163
 186 185 137 131 129 152 149 190 218 327 360 407 378 409 464 463 333 364
 368 255 236 223 244 281 300 324 395 427 476 474 477 468 434 452 479 372
 354 347 320 336 419 455 420 410 440 472 467 465 462 411 297 267 344 366
 387 374 330 438 449 437 459 424 396 460 444 433 393 417 331 367 441 355
 270 252 238 246 247 220 204 191 253 254 262 280 264 287 288 401 351 453
 421 379 430 480 418 413 425 445 447 405 403 481 451 442 416 415 448 483
 450 439 456 286 261 242 233 232 241 310 397 381 400 404 319 348 332 394
 388 402 426 469 475 486 490 373 340 343 350 383 313 365 386 251 284 412
 414 292 245 228 213 289 352 290 359 346 329 260 278 323 371 341 358 272
 342 391 432 431 458 466 429 457 389 377 306 338 322 294 363 316 307 249
 259 257 243 273 271  25 392  27 422 268 298 305 398 345 357 408 446 470
 353 337 314 248 258 202 217 212 208 227 229 184 239 274 265 219 283 250
 263 356 349 325 317 179 234 215 303 285 312 291 376 362 361 406 237 221
 200 199 205 203 308 309 436 435 454 473 478 482 487 493 492 484 428 489
 485 488 335 491 339 328 384 311 302 315 380 282 375 471 461 443 390 382
 369 334 370 326 266 399  26 385 423 269  29  32  52  49  50   2   5   4
  10   9   6   7  12  11   8   3   1  40  37  39  33  34  36  42  41  54
  53  44  46  14  13  15  59  55  57  17  18  61  60  87  58  16  19  69
  63  82  81  80  73  74  84  20  70  72  76  96  78  75  77 121 117 119
 115  90  88  95 111 151 188 183 178 214 226 196 177 207 231 304 321 318
 293 295 296 275 165 193 195]
97300

# 8000 iterations
[ 94 109 103  92  91  93  97  99 106 113 112 107 116  79  83  68  66  62
  71  56  48  47  45 155 146 135 148 172 169 198 182 187 168 158 192 153
 157 143 118 141 130 138 142 164 206 189 197 240 277 276 255 236 223 218
 190 149 152 129 122 128 139 125 126 114 104 124 120 123 140 160 159 156
 166 167 171 161 170 173 201 210 224 225 301  23  31  28  30  38  35  51
  24 235 216 175 176 181 163 186 185 137 131 127 110 108 105 101  98 102
 100  89 134 150 144 147 194 180 162 209 154 132 133 136 145  86  67  85
  64  65  43  22  21 174 222 230 211 256 279 299 452 434 468 477 474 476
 372 479 475 469 426 402 394 388 332 348 319 286 261 283 244 281 282 328
 339 491 335 486 427 395 420 455 419 406 380 315 302 311 410 440 393 417
 331 367 324 300 344 366 387 374 363 316 307 249 259 257 243 273 271 267
 297 411 462 465 467 472 433 444 460 396 360 290 280 354 347 320 336 340
 262 254 253 191 204 220 247 246 238 252 251 284 260 278 323 327 383 386
 365 313 359 346 329 412 414 375 471 461 443 390 391 342 272 358 341 371
 368 306 338 322 404 490 373 384 376 250 263 237 221 200 199 205 203 308
 309 436 435 449 438 294 361 362 488 485 489 428 484 492 493 487 482 478
 473 454 415 416 442 451 481 441 355 270 264 287 288 401 351 453 421 379
 430 480 418 413 425 445 447 405 403 424 459 437 448 483 450 439 456 353
 289 213 228 245 292 337 215 234 179 317 325 349 356 400 381 397 310 241
 232 233 242 291 312 219 303 285 265 274 239 184 229 227 208 212 217 202
 258 248 314 350 343 352 345 398 305 298 268 422  27 392  25 389 377 357
 364 333 378 407 408 446 470 463 464 409 330 457 429 466 458 431 432 382
 369 334 370 326 266 399  26 385 423 269  29  32  34  33  39  37  40   1
   3   8  11  12   7   6   9  10   4   5   2  50  49  52  36  42  41  46
  44  54  53  14  13  15  59  55  57  17  18  61  60  87  58  16  19  69
  63  82  81  80  73  74  84  20  70  72  76  96  78  75  77 121 117 119
 115  90  88  95 111 151 165 275 296 295 293 318 321 304 231 207 177 196
 226 214 178 183 188 193 195]
90398

# 9000 iterations
[103 109  94  92  91  93  97  99 106 113 112 107 116  79  71  67  66  68
  83  62  85  64  86  56  48  47  45 155 146 135 140 123 120 124 104 114
 110 108 105 101  98 102 100  89 134 150 144 147 182 164 142 138 130 141
 118 143 157 153 192 158 168 187 206 189 197 240 277 276 255 236 223 218
 209 190 149 154 132 126 125 139 128 122 129 152 162 180 194 198 169 172
 148 160 159 174 222 230 258 248 314 350 343 352 345 398 305 298 268 422
  27 392  25 389 411 462 465 467 472 433 444 460 396 360 290 280 322 338
 306 368 490 373 384 376 250 263 237 221 200 199 205 203 308 309 311 302
 315 282 281 244 283 261 313 359 354 347 320 336 286 319 348 332 388 394
 402 426 456 415 454 473 478 482 487 493 492 484 428 335 491 362 488 485
 489 486 427 395 420 351 401 288 287 264 270 291 404 452 439 450 483 448
 437 416 442 451 481 441 355 387 366 344 300 324 367 403 418 413 425 445
 447 405 480 430 379 421 453 455 419 406 380 328 339 361 340 410 440 438
 449 435 436 424 459 471 461 443 390 391 342 272 179 234 215 299 289 211
 208 227 229 184 202 217 212 256 279 353 346 329 412 414 371 341 358 317
 325 393 434 468 477 474 476 372 479 475 469 464 463 470 446 408 407 378
 333 364 357 377 297 267 271 273 243 257 259 249 307 316 363 365 386 383
 327 323 278 242 241 310 397 381 417 331 374 375 232 233 238 246 247 220
 204 191 253 254 262 294 274 239 265 285 303 252 251 284 260 312 219 213
 228 245 292 337 349 356 400 409 330 457 429 466 458 431 432 382 369 334
 370 326 266 399  26 385 423 269 235 216 175 176 181 163 186 185 137 131
 127 133 136 145  65  43  51  35  38  30  28  31  23 301 225 224 210 201
 173 170 161 171 167 166 156  21  22  24  29  32  34  33  39  37  40   1
   3   8  11  12   7   6   9  10   4   5   2  50  49  52  36  42  41  46
  44  54  53  14  13  15  59  55  57  58  87  60  61  18  17  16  19  20
  84  74  73  80  81  82  63  69  70  72  76  96  78  75  77 121 117 119
 115  90  88  95 111 151 165 275 296 295 293 318 321 304 231 207 177 196
 226 214 178 183 188 193 195]
82406

# 10000 iterations
[109 103  94  92  91  93  97  99 106 113 112 107 116  79  71  67  66  68
  83  62  85  64  86  56  48  51  35  38  30  28  31  23  25 461 471 459
 424 414 412 329 346 353 279 290 360 396 460 444 433 472 467 465 462 411
 389 443 390 391 342 272 325 317 358 341 371 369 334 370 326 266 301 225
 224 210 201 173 170 161 171 180 194 198 169 172 148 160 159 156 166 167
 162 186 185 146 155  45  47  43  65 145 136 133 127 137 131 135 150 134
 108 110 114 104 124 120 123 140 144 147 182 187 164 142 138 130 141 118
 143 157 153 192 158 168 206 189 197 240 277 276 255 236 223 218 209 190
 149 152 129 122 128 139 125 126 132 154 163 181 176 175 216 235 269 423
 385  26 399 392  27 422 268 298 305 398 345 352 343 350 310 241 284 251
 252 303 285 265 239 274 294 291 289 299 393 434 468 477 487 493 492 484
 428 335 491 362 488 485 489 486 427 395 420 322 338 368 490 373 384 376
 403 418 413 425 445 447 405 419 406 380 328 339 361 340 410 379 421 453
 455 480 449 438 440 430 404 452 439 331 417 381 397 457 429 382 466 458
 431 432 436 435 446 464 463 470 469 475 479 372 476 474 482 478 473 454
 450 483 448 437 416 442 415 441 481 451 456 426 402 394 388 332 348 347
 320 336 286 319 344 300 270 264 262 248 245 228 213 219 312 308 260 250
 263 237 221 220 247 246 238 233 232 243 257 259 249 307 316 363 367 324
 315 302 311 386 383 327 323 278 242 203 205 199 200 204 191 253 254 287
 288 401 351 375 374 355 387 366 354 359 313 261 283 292 314 273 337 349
 333 364 357 377 297 267 271 244 281 282 258 365 408 407 378 356 309 306
 280 400 409 330 256 212 217 202 184 229 227 208 211 215 179 234 230 222
 174  21  22  24  29  32  34  33  39  37  40   1   3   8  11  12   7   6
   9  10   4   5   2  50  49  52  36  42  41  46  44  54  53  14  13  15
  59  55  57  58  87  60  61  18  17  16  19  20  84  70  69  63  82  81
  80  73  74  72  78  96  76  75  77 121 117 119 115 105 101  98 102 100
  89  90  88  95 111 151 165 275 296 295 293 318 321 304 231 207 177 196
 226 214 178 183 188 193 195]
77496
