
# 1000 iterations
[652 606 619 ... 165 253 179]
658568

# 2000 iterations
[652 686 537 ... 165 253 179]
516436

# 3000 iterations
[ 652  704 1220 ...  165  253  179]
455113

# 4000 iterations
[ 652  704 1220 ... 1297  977  179]
402564

# 5000 iterations
[ 652  704 1220 ... 1297  977  179]
364465

# 6000 iterations
[ 652  704 1220 ... 1297  977  179]
346201

# 7000 iterations
[ 652  704  682 ... 1297  977  179]
325933

# 8000 iterations
[ 652  704  682 ... 1297  977  179]
309291

# 9000 iterations
[ 652  704  682 ... 1297  977  179]
297094

# 10000 iterations
[ 652  676  139 ... 1297  977  179]
283354
