
# 1000 iterations
[159 178 196 179  94 258  28 105  60  41  84  82 146  17  10  32 201  24
  15 219 103 167  89 189 183 220 104 213 215 251 161  48 120  20 134 256
  55  47 226 175 113 127 227 102 233 170   8 122 157  42 238 176 243  29
 210  92 109 110 241 225 249 125 230 114 253  58 150   9  11 203 242  62
  12 228 204  96 198  90 224  39 245  78  38  40 147  66  56 197  80 101
 193 148  36   2 217 250  73 129  65 180   7 140 145  95  85 252 100  81
  34 155 154 244 209 138  18 137 141 222  52 181  37  59 158  97 117 165
 112  27  74  19  30 177 223  64  43 131 168 194  75   3 206  26 235  13
 214  69 163 237 169  16 118 185  72  33 172 207  83 195 261  54 121 106
 248 124  49  53 221 166 188  21 108 234  99 254  76 115 186  79  68  71
  31   1 232  87   4 123   6 136 190  25 160 218 156 144 128  23  22 149
  86 247 151  50 260 192 184  91 152 208 246 236 187  88  14 107 255 171
 132 259 162  57 135 130 142 139   5 211 229 231 133 257 262 191  61 205
 202  70 164 199 126 182 239 119  77 216 111  51  67 240 174 200  93  98
 212  45  63  35  46 143  44 116 173 153]
10045

# 2000 iterations
[159 178 196 179 120  48 161 251 199 126  25 160 218 156 144 128  23 236
 187  45  63 180  88 212  98  93 200 174 240  67  51 111  37  59 158  97
 117 165 112  74 215 213 104  19  30 177 223  64 146  57 203  11   9 150
  58 206  26 235  13 214 101  69 163 237  82 176 243  66  56 197  80 168
 194 175 226  47  55 256  84 123 250  73 129  90 221  53  49 124 125 230
 248 106 121  54 261 195 224  39 219  15 147  40 103  10  43 116  44 143
 181  52 162 259 113 127 134  20 105  60  41 227 110 109 210  29  92 222
 141  27 198  96 190 136   6 245  78  38  16 118   8 135 242 238  42 157
 122 170 220 183 189  89 167 253 114 131 193 148  36  65 166  12 228 204
 249 225 241   2 217  83 130  79  68  31   1 232  70 145 100 138 209 229
 231 133 257 262 191  61 205 202  71 211   5 244 154 155 186 140   7 182
 239 119  77 216  46  35  28 258  94 188  21 108 234 172 207   3  75 132
 171 255 107  14  22 149  86 247 151  91  50 260 192 184 152 208 246 164
  87   4 185  72  33  99 254  76 115 139 142 137  18  81  34  95  85 252
 169  32 201  24  17 233 102  62 173 153]
8093

# 3000 iterations
[159 178 196 179 187  45  63 180  88 212  98  93 200 236  23 128 144 156
 218 149  86 247 151  91  50 260 192 184 152 208 246  81  34  95  85 252
 169  32 201  24  17 259 162  52 181 143 111 117 240 174 120  48 161 251
 199 126  25 160  22  14 107 255 171 222  67  51   6 165  37 213 215  74
 112 190  75 132  92  41  60 210  29 227 110 109  97 158  59   3 122 157
 224 177  64 223 146 261 195  30  19 104 141  44 116  43  10 103 113 127
 134  20 105 147  40 136  15 219 243  39 204  54 121 106 248 230  26   9
 150  58 206 235  11 203  57 131  42 238 242 135   8 118  16 249 225 241
  38  78 245 233 102  62  69 163 237  82  66  56 197  80 168 194 175 226
 176  47  55 256  84 123 173 207 137 257 133 231 229  49  53 221 129  90
 124  18 262 166  65  36 148 193 125  13 214 101 250  73 198  96  12 228
  21 186 140   7 182 239 119  77 216  46  35  28 258  94 188   4  87 164
 172 185  72  33  99 254  76 115 142 244 155 154 209 138 100 145  70 232
 108 234 205  61 191   5 211  71 202 139   1  31  68  79 130  83 217   2
  27 170 220 183 189  89 167 253 114 153]
6860

# 4000 iterations
[159 158 178  92  41 210  60  29 227 110 109  97  51  67 147  40 245 127
 134  20 105 162  75  59 181 215 213 126  25 160  95  34  81 246 208 152
 184 192 260 218 156 144 149  86 247 151  91  50  88 212  98 117 143 240
 174 120  48 111 222 236  22 200  93 107  14 161 179 187  45  63 180 251
 199 128 196  23  85 252 255  44 141 104  19  30 195 261 206  58 150   9
  26 230 248 106 121  54 204 163  69 135 146 223   3 190   8  52 169   6
 165  37 171 132  32 201  24  17 259 226 176  47  55 256 225 241  38  78
 136  15 219 243 102 233 113 103 175 242 238  42 131  57 203  11 235  82
 237  64 177 224 157 122  62 249  16  84  39  66  56 197  80 168 194  10
  43 112  74 116 118 123  96 198  73 250 125  13 214 101 193 148  36  65
  53  27  12 173 228  72 186 172 164  87 188 182 239 119  77  94 216  46
  35  28 258   7 140 185  33 244 142 115  76 155 154   4 145 100  21 138
 209 254  99  70 108 232 234 205 229 231  68  31  71 202 139   1 211   5
 191  79 262 166 207 137 257 133  90 129 221  49  61  18 124 130  83 217
   2 170 220 183 189  89 167 253 114 153]
5349

# 5000 iterations
[159 158 178  92  41 210  60  29 227 110 109  97 132  32 201  24  17 259
 226 176  47  55 256 225 241  38 233 102 243  37 165   6 169  52   3 190
   8 223 146 135  69 163  64 112  74 141 104  19  30 195 261 206  58 150
   9  26 230 248 106 121  54 204 177 224 157 122  62 249  16  84  39 242
 238  42 131  57 203  11 235  82 237  43  10 194 168  80 197  56  66 175
 103 113 127 134  20 105 162  75  59 181 171  51  67 147  40 245  78 136
  15 219 215 213 126  25 160  95  34  81 164 172 186  72 228 173  12 133
  33 142 244 115  76 155 154   4 145 100  21 138 209 254  99  70 108 232
 234  68 231 229   1 139 202  71  31 205 211   5 191  79 262 166 207 137
 257 185 140   7 246 208 152 144 156 218 260 192 184  94  88  50  91 151
 247  86 149  35  28 258  87 188 182 239 119  77 212  22 236 196 128 199
 251 120  48 111 222  85 252 255 174 240  98 117 143 107  14 161 179 187
  93  46 216 200  45  63 180  23  44 116 118 123  96 198  73 250 125  13
 214 101 193 148  36  65  53  27  18 124  49  61  90 129 221 130  83 217
   2 170 220 183 189  89 167 253 114 153]
4868

# 6000 iterations
[159 158 178  92  41 210  60 227  29 110 109  97 132  32 201  24  17 259
  78 245  40 147  67  51 171 181  59  75 162 105  20 134 127 175  56  66
 103 113 197  80  47 176 226 136  52 169   6 165  37 243   3 190   8  16
  84  39 146 135 112  74 141 104  19  30 204  54 121 106 248 230  26   9
 150  58 206 261 195  64 177  69 163 224 157 122  62 237  43  10 238 242
 223 249  82 235  11 203  57 131  42 194 168  55 256 225 241  38 233 102
  15 219 215 213 126  25 160  95  34  81 164 172 186  33  68 234 232 108
  70  99 254 209 138  21 100   4 145 154 155  76 115 244 142 231 202 139
   1 229  71  31 205 211 191   5 133  12 173 228 257 137 207 166 262  79
  72 185 140   7 246 208 152 144 156 218  94 151 247  86 149 184 192 260
  35  28 258  87 188 182 239 119  88  50  91  77 212  14 107 143 117  98
 240 174 120  48  23 196 128  44 199 251 180  63  45 187  93 161 179 200
 216  46  22 236 255 252 111 222  85 116 118 123  96 198  73 250 125  13
 214 101 193 148  36  65  53 130 221 129  90  61  49 124  18  27  83 217
   2 170 183 220 189  89 167 253 114 153]
4365

# 7000 iterations
[ 41  92 178 210  60  29 227 110 109  97 132  32 201  24  40 127 245 147
 134 159 158  20 105 162  75  59 181 171  51  67  78 259  17 175  66 103
 113  55  47 176 226 136  15 219 243   3 190   8 112 126  25 160  95  34
  81 164 172 186 100  21 138 209 254  99  70 108 232 234  68 231 202 139
   1 229  71 205  31 211   5 191  30  12 133  79  19 185  72 262 166 207
 137 257 228 173  27  54 204  18  49 124  61  90 129 221 130  53  65  36
  83 217   2 170 183 220 189  89 167 121 106 248 230  26   9 150  58 206
 261 195  64 238  10 242  39  84  16 135 146 223  43 237 177  69 163 224
 157 122  62 249  82 235  11 203  57 131  42 194 168  80 197  56 256 225
 241  38 233 102  52 169   6 165  37 215 213 104 141  74 140   7 246 208
 152 144 156 218 260 192 184 149  86 247 151  94  35  28 258  87 154 155
  76 115 244 142  33 145   4 188 182 239 119  88  50  91  77 212  14 107
 143 117  98 240 174 120  23  48 196 128  44 199 251 180  63 200 216  46
  93 187  45 179 161  22 236 111 252 255  85 222 116 118 123  96 198  73
 250 125 148 193 101  13 214 253 114 153]
3946

# 8000 iterations
[178  92  41 210  60 110 227  29 109  97 132  32 171 181  59  75 162 105
  20 158 159 134 147 245  40 127  24 201  51  67  78 259  17 175  66  56
 168 103 113 197  80 194  42 131  57 203 238  10 242  39  84  16 135 146
 122 223  43 237 177  69 163 224 157  62 249  82 235  11  64 195 261 206
  58 150   9  26 230 248 106 121 167  89 189 220 183 170   2 217  83  36
  65  53 130 221 129  61  90 124  49  12 133   5 191  30  18 204  54  27
 173 228 257 137 207 166 262  72 185  19  79 211  31 205  71 229   1 139
 202 231  68 234  33 138  21 100 186 172 164  81   4 145 209 254  99  70
 108 232 142 244 115  76 155 154  87 258 182 239 119  35  28 188  34  95
 160  25 126 112   8 190   3 243 219  15 136 226 176  47  55 256 225 241
  38 233 102  52 169   6 165  37 215 213 104 141  74 140   7 246 208 152
 144 156 218 260 192 184 149  86 247 151  94  88  50  91  77 212 107  14
 117  98 240 128 143 174  23 196  48 120  44 199 251 180  63 200 216  46
  93 187  45 179 161  22 236 111 252 255  85 222 116 118 123  96 198  73
 250 125 214  13 101 193 114 253 148 153]
3698

# 9000 iterations
[178  92 210  41  60 110 227  29 109  20 158 159 134 147 245 127  40  24
 201  32 132  97 105 162  75  59 181 171  51  67  78 259  17 175  66  56
 168 103 113 197  80 194  42 131  57 203 238  10 242  39  84  16 135 146
 122 223  43 157 224 163  69 177 237  62 249  82 235  11  64 195 261 173
  27 204  54  18  30 191   5 133  12  49 124  61 211  79  19 185  72 262
 166 207 137 257 228 206 150  58 183 220 189  89 167 121 106 248   9  26
 230 170   2 217  83  36  65  53 130 129 221  90  31 205  71 229   1 139
 202 231  68 234  33 138  21 100 186 172 164  81   4 145 209 254  99  70
 108 232 142 244 115  76 155 154  87 258 188 182 156 239 144 152 208 246
  25 126 215  37 165   6 169  52 102 233  38 241 225 256  55  47 176 226
 136  15 219 243   3 190   8 123 118 116 222  85 255 252 111 236  22 161
 179  45 187  93  46 216 180  63 200 251 199  44 120  23 196  48 128 174
 143  98 240 117  14 107 212  77  91  50  88  94 151 247  86 149 184 192
 260 218 119  35  28  34  95 160   7 140  74 141 104 213 112  96 198  73
 250 125 214  13 101 193 114 253 148 153]
3449

# 10000 iterations
[178  92 210  41  60 110 227  29 109  20 158 134 159 147 245 127  40  24
 201  67  51 162  75  59 181 171 105  97 132  32  78 259  17 175  66  56
 168 103 113  80 197 194  42 131  57 203 238  10 242  39  84  16 135 146
 122 223  43 157 224 163  69 177 237  62 249  82  11 235  64 195  27 261
 173 204  54  18  30 191   5 133  12  49 124  61  90 221 129 130  53  65
  36 150  58 183 220 189  89 167 121 106 248   9  26 230 170   2 217  83
 206 228 257 137 207 166 262  72  19 185  79 211 205  31  71 229   1 139
 202 231  68 234  33 138  21 100 186 172 164  81   4 145 209 254 142 232
  99  70 155 108 244 115  76 154  87 258 188 182  95  34  28  35 119 218
 260 192 184 149  86 247 151  94  88  50  91  77 212 107  14 117 240  98
 143 174 128  48 196  23 120  44 199 251 200  63 180 216  46  93 187  45
 161 179  22 236 111 252 255  85 222   6 165  37 169  52 102 233  38 241
 225 256  55  47 176 226 136  15 219 243   3 190   8 123 118 116 215 126
  25 246 208 152 144 239 156 160   7 140  74 141 104 213 112  96 198  73
 250 125 148 253 114 193 101 214  13 153]
3275
