
# 1000 iterations
[1113 1100 1127 ...  557  947  722]
726825

# 2000 iterations
[1113 1100 1080 ...  932  947  722]
626188

# 3000 iterations
[598 533 866 ... 932 947 722]
567959

# 4000 iterations
[598 533 866 ... 103 739 722]
541846

# 5000 iterations
[598 533 866 ... 103 739 722]
514643

# 6000 iterations
[598 533 866 ... 103 739 722]
495490

# 7000 iterations
[598 533 866 ... 103 739 722]
476127

# 8000 iterations
[598 533 866 ... 103 739 722]
467267

# 9000 iterations
[598 533 866 ... 103 739 722]
455196

# 10000 iterations
[598 533 866 ... 719 739 722]
444813
