
# 1000 iterations
[201 312 297 270 296 124 147 205  35  51  52 148 409 528 459 410 412 461
 278 439 362 340 378 361 358 334 438 375 267 128 155 295 384 329 220 257
 359 427 424 522 550 552 502 516 419 394 263  80 153 132   7  28 162 197
 330 370 347 534 525 504 523 478 519 283 118 254 164  77 146  65  66 114
 111  16  60  45  61 138  21  14  18  91  44 182 154 109 133 130 221 212
 185 289 199  84 173 203 170 190  26  58 157 292 243 250 230 207 404 484
 496 498 505 303 328 306 320 206 137 103 127 268 100  74  78 115 388 551
 447 446 491 497 453 561 465 425 520 455 501 383 548 363 368 246  59   9
 143 264 224 313 365 386 500 558 444 464 472 457 452 275 229 177 191  94
  70 126  81 171 144 269 272  96 222 298 342 435 480 574 549 545 515 474
 513 562 555 486 556 533 560 244 236 209 351 393 369 353 336 333 240 121
 165 195 239 260 308 189 281 187 117  93  27  49   1 192 150 119 140 167
 233 208 259 531 470 542 493 468 565 546 428 301 418 507 543 514 422 294
 337 248 166 145  53   6  87 228 112  10  68 339 360 445 397 391 413 431
 450 466 526 524 568 454 434 414 456 341 364 356 357 371 495 485 462 489
 285 310 282 311 279 271 204 253 225 261 241 323 302 186   2  48  75  47
 141  50  72  97 110 210 316 293 314 242 338 408 436 508 544 547 499 541
 492 532 512 557 509 473 437 390 481 407 309 280 300 376 373 324 284 291
  82 122 168  54 106  23  29  24  76 214 113  22   4  25 116   8   3  11
  88 105 101  20 131 266 352 482 319 518 430 433 399 395 536 559 479 572
 429 213 194 175  90 184 183 161 251 160 200 322 366 389 299 385 287  57
  55  39  17 215 374 349 469 335 304 396 372 277 400 343 321 345 252 181
  92  69  46 108  85 380 216  37  13 158  34  95 188 163 218 178  15 129
 379 537 563 564 571 575 460 274 318 377 382 402 449 387 411 494 569 483
 458 477 521 517 467 350 327 232 238 234 211 125 219 331 317 463 490 570
 540 554 567 527 432 226 247 265 530 475 415 442 441 403 406 443 325 202
 134  86  56  71 104  73  98  32  31  12  19 180 237 231 255 305 223 156
  42 159  41  79  63  99 262 421 451 476 416 417 398 440 566 535 448 354
 258 196 174 217 169 332 139 149 172   5  30  33  40 179 290 307 120 102
 152 471 538 392 256 346 401 426 420 348 344 198 176 273 355 227 193 286
 326 487 510 573 506 488 511 539 503 405 315 367  83  67  64 107 142 276
 249  89  62  38 151 123 235 288 135  36  43 136 245 381 529 423 553]
49650

# 2000 iterations
[267 312 385 287 269 272 183 161 251 160 200 322 245 290 179 273 355 316
 299 344 340 224 264 259 307 279 311 282 300 280 375 412 410 459 528 409
 376 373 352 266 131  20 101 125 211 325 202 134 109 154 182  83  67  64
 107 142  40  33  30   5 172 149 139 353 336 333 240 121 165 195 239 260
 308 189 281 253 225 205  35  51  52 148 143 197 283 118 144 171  81 126
  70  94 192 243 292 396 365 386 500 558 444 464 463 490 421 509 557 512
 532 492 541 499 547 570 540 554 567 527 432 453 497 544 508 436 408 465
 425 429 572 479 559 536 384 295 348 420 329 246 285 310 400 277 191 150
 356 364 341 366 338 561 520 455 501 526 524 548 383 456 546 539 511 488
 506 573 518 430 362 320 433 491 446 447 551 495 471 538 380 166 145 319
 482 392 369 393 351 209 236 244 241 323 302 186 164 254 119 140  84 173
 203  86  56  71 104  73 163 188  95  34 158  13  37 216 210 120 102 152
 354 286 193 227 258 237 231 255 326 377 382 402 449 387 411 494 569 483
 458 477 521 517 467 238 234 268 127 113  22  19  12  31  32  98 213 194
 175 198 265 214  76  24  29  23  21  14  18  91  44  90 184  43 136 159
  41  79  63 110  42 156 180 124 147 177 229 275 296 270 297 378 361 358
 334 438 486 555 562 513 474 515 545 549 574 480 435 342 298 222  96  99
 169 217 263 394 419 516 502 552 550 522 424 427 359 257 331 317 261 305
 324 284 291 313 220 388 485 462 489 389 487 531 470 542 493 468 565 448
 535 566 440 398 439 278 461 416 417 262 218 196 174 155 128  89  62  85
 108  46  69  92 181 252 345 321 343 363 368 414 434 454 568 357 371 484
 404 207 230 250 318 274 460 575 571 543 507 418 301 372 519 478 523 504
 525 534 347 370 330 350 327 232 208 233 167 201 105  88  54 106 146  77
  82 122 168  11  16  60  45  61 138  65  66 114 111 223 219 226 247 271
 204 248 337 294 451 476 473 560 533 556 422 514 564 563 537 379 496 498
 505 303 328 306 187 117  93  27  49   1  57  55  39  17  53   6  87 176
 199 349 374 415 442 441 403 406 443 399 395 185 212 221 130 133  36 135
 206 137 103 100  74  78 115  68  10 112 228 129 288 256 346 401 426 405
 276 249 235 123 151  38  59   9   4  25  75  48   2   3   8 116  47 141
  50  72  97 178  15  80 157 162  28   7 132 153  58  26 190 170 215 304
 309 407 481 390 437 529 503 428 381 315 367 339 360 445 397 391 413 431
 450 472 457 452 530 475 466 469 335 332 289 242 314 293 510 423 553]
42986

# 3000 iterations
[267 272 200 246 142  40  33  30   5 172 149 139 191 150 141  47 116   8
   3   2  48  75  25   4   9 379 433 460 575 571 543 507 418 301 372 519
 478 523 504 525 534 417 402 328 303 255 231 237 261 305 324 489 462 485
 461 439 400 422 514 564 563 537 469 448 565 468 493 542 470 531 487 389
 388 220 197 283 286 263 394 419 516 502 552 550 522 424 427 359 332 289
 216 193 145 166 189 217 169  99  96 222 298 342 435 480 574 549 545 515
 474 356 364 341 366 338 199 176  87   6   1  49  27  93 117 187 210 120
 102 152 227 243 292 365 386 500 558 444 475 466 450 431 413 391 360 361
 378 185 212 221 130 133 153 132 125 128 155 174 196 218 262 285 211 104
 101 119 140  84 173 203 322 177 229 275 296 270 297 184  90  44  91  18
  14  21  23  29  24  76 214 265 198 175 194 213  98  32  31  12  19  22
 113 111 114  66  65 138  61  45  60  16  11 201 167 233 208 232 327 350
 279 311 282 280 300 376 373 352 266 340 344 299 316 313 291 257 331 317
 347 370 330 307 395 399 443 406 403 441 442 415 374 349 284 355 273 179
 225 205 245 290 183 161 251 160 268 181 252 345 321 343 363 368 414 434
 454 546 539 511 488 486 438 334 375 353 309 566 471 495 551 447 555 509
 421 490 463 464 254 164 186 302 235 249 276 230 207  92  69  46 108  85
  62  89 158  37  13  34  95 188 163  73   7  28 162 124 147  35  51  52
  78  74 100 103 137 206 135 136  57  55  39  17  53 151 123 168 122 121
 165 190 170 148 143 129 253 240 195 239 260 308 310 335 358 325 234 238
 281 397 445 467 517 521 477 458 483 569 473 560 533 556 408 436 479 572
 429 425 465 557 512 532 312 385 287 250 264 224 131  20 215 304 326 348
 420 329 277 192  94  70 126  81  82  77 146 106  54  88 105 242 314 293
 319 482 336 339 367 315 320 381 428 503 529 437 390 481 407 453 497 544
 508 536 559 384 295 318 337 294 258 396 492 541 540 570 547 499 554 567
 527 432 412 410 459 528 409 380 538 491 446 562 513 404 484 426 401 346
 256 288 228 112  10  68 115 127 223 219 226 247 271 204 248 202 157  80
  15  56  71  26  58 154 182  83  67  64 107 118 144 171  36  43 159  41
  59  38  79  50  72  97 178 269 259 274 134 109 180 156  42 110  63  86
 323 241 244 236 209 351 393 369 392 440 398 306 278 416 452 530 405 449
 387 411 494 476 451 371 357 333 354 377 382 383 456 568 506 573 457 362
 430 518 548 524 526 501 455 520 561 472 496 498 505 535 423 510 553]
38330

# 4000 iterations
[554 567 527 432 412 410 459 528 409 380 491 446 562 513 556 533 560 535
 505 498 496 472 561 520 455 501 526 524 548 518 430 362 411 387 449 483
 569 473 499 408 436 479 504 523 478 519 495 471 566 285 211 104 101 119
 140  84 173 203 144 118 220 317 331 257 209 236 244 299 344 340 266 262
 218 196 174 132 125 128 155 153 133 130 221 105  99  96 222 298 342 241
 124 147 215 304 259 192  94  70 126  81  82  77 146 122 121 165 190 170
 148 143 129  97  72  50  79  38  59  41 159  43  36 171  88  54 106  86
  63 110  42 156 180 109 134  85 108  46  69  92  62  89 158  37  13  34
  95 127 223 219 226 247 271 204 177 322 435 480 574 549 545 515 474 356
 364 341 366 338 199 176  87   6   1  49  27  93 117 187 210 120 102 152
 201  12  19  22 113 111 114  66  65 138  61  45  60  16  11  31  32  98
 213 212 185 162 142 194 394 419 516 475 466 450 431 413 391 360 361 378
 309 353 375 334 438 486 488 511 539 546 454 434 414 368 363 343 321 345
 252 181 268 160 251 188 163  73   7  28 107  64  67  10  68 115  35  51
  52  78  74 100 103 137 206 135 136 184 297 270 296 275 458 477 521 517
 467 445 397 281 323 336 339 367 315 320 292 365 386 481 390 437 529 503
 428 381 308 260 239 195 240 277 182 250 253 229 175 198 265 214 233 208
 232 327 350 279 311 282 280 300 376 373 352 349 347 370 330 307 395 399
 443 406 403 441 442 415 374 284 355 273 179 225 205 245 290 183 161 151
  53  17  39  55  57 123 168 254 164 186 302 235 167  76  24  29  83 112
 228 288 256 346 401 426 405 490 421 509 555 447 570 551 565 563 564 514
 422 400 537 469 448 425 429 457 573 506 568 541 540 451 476 494 329 420
 348 326 258 396 492 538 530 452 416 278 306 398 440 392 369 393 351 423
 463 464 468 493 542 470 531 487 484 404 316 313 291 310 335 358 325 234
 238 383 382 377 354 333 357 371 439 461 485 462 489 324 305 261 237 231
 255 303 328 312 385 287 295 384 267 272 200 246 197 283 286 243 227 249
 276 230 207  90  44  91  18 157 202 248 242 314 293 319 482 389 388 456
 502 552 550 522 424 427 359 332 289 216 193 145 166 189 217 169  20 131
 224 264 318 337 294 263 274 269 178 154  58  26  71  56  15  80  14  21
  23  40  33  30   5 172 149 139   9   4  25  75  48   2   3   8 116  47
 141 150 191 379 433 460 575 571 543 507 418 301 372 547 572 536 559 508
 544 497 453 407 444 402 417 534 525 500 558 532 512 557 465 510 553]
35505

# 5000 iterations
[554 567 527 432 412 410 459 528 409 380 491 446 472 496 521 477 458 275
 296 270 297 184 136 135 206 137 103 100  74  96  99 105 221 130 133 132
 111 114 110  36  88  54 106  86  63  43 159  87  66  65  37  13  34  77
 126  81  82  42   6   1  49  27  93 117 153 155 128 125 171 187 210 120
 102 152 201  12  19  22 113 138 115  68  10  67  64  61  45  60  16  11
  31  32  98 213 212 185 162 142 194 188 163  73   7  28 107  35  51  52
  78 124 144 118 140 119  70  94 192 259 304 285 211 186 164 254 168 292
 365 386 481 390 437 529 503 428 381 308 260 239 195 240 277 182 250 253
 229 175 198 265 214 233 208 232 327 350 279 311 282 280 300 376 373 427
 424 522 550 552 502 456 388 389 482 319 272 200 246 197 283 286 243 227
 249 276 230 207  90  44  91  18 134 157 202 248 242 314 295 287 385 312
 328 303 255 231 237 261 305 324 489 462 485 461 439 371 357 333 354 238
 234 325 358 335 310 291 331 257 209 236 244 299 344 317 336 339 367 315
 320 340 266 262 218 196 174 219 223 127  95 156 180 205 225 179 273 355
 284 334 438 486 488 511 539 546 454 434 414 368 363 343 321 345 252 181
 268 160 251 274 359 332 289 216 193 145 166 189 217 190 165 121 122 146
 241 342 298 222 226 247 271 204 177 322 294 337 318 455 501 526 524 479
 436 362 430 411 387 449 483 569 548 545 549 574 480 435 408 499 473 504
 523 478 519 495 471 566 518 515 474 356 364 341 366 338 199 176  41  59
  38  79  50  72  97 129 143 220 203 173 169 170 148 101 104 302 235 167
  76  24  29  83 112 228 158  89  62  92  69  46 108  85 109 123  57  55
  39  17  53 151 161 183 290 245 263 264 224 131  20  84 147 215 288 323
 281 397 445 467 517 498 505 535 560 533 556 513 562 561 520 490 421 423
 351 393 369 392 440 530 400 422 514 564 563 565 551 570 470 542 493 468
 464 531 487 484 404 316 313 384 293 267 256 346 401 426 405 394 419 516
 475 466 398 306 278 416 452 329 494 476 451 540 541 568 506 573 457 429
 425 448 469 537 538 492 396 258 326 348 420 463 509 555 447 450 431 413
 391 360 361 378 309 353 375 374 415 442 441 403 406 443 399 395 307 330
 370 347 349 352 377 382 383 269 178 154  58  26  48  75  25   4   9   5
  30  33  40  23  21  14  80  15  56  71   2   3   8 172 149 139 116  47
 141 150 191 379 433 460 575 571 543 507 418 301 372 417 402 444 407 453
 497 544 547 572 536 559 508 465 534 525 500 558 532 512 557 510 553]
32928

# 6000 iterations
[554 567 527 432 412 410 459 528 409 380 491 446 472 496 521 477 458 481
 405 426 401 358 335 310 291 331 257 261 305 324 489 462 485 461 439 256
 346 325 302 308 260 239 195 240 455 501 526 524 479 436 362 318 337 293
 267 277 243 227 249 276 230 207  90  44  91  62 104 101 148 170 169 173
 203 220 194 188 163  73   7  28 107  35  51  52  78 123  57  55  39  17
  53 151 161 183 290 245 273 228 158  89 143 129  97 167 235 186 164 254
 168 127  95 156 180 205 225 223 219 174 196 218 262 266 311 279 350 327
 232 208 233 214 265 268 181 252 345 321 343 363 368 414 434 454 546 539
 511 488 486 438 394 419 516 475 466 398 306 278 281 323 288 215 213 212
 185 162 142 124 144 118 140 119  70  94 192 259 197 202 157 134  18  92
  69  46 108  85 109 179 184 297 390 437 529 503 428 381 234 209 236 244
 299 344 317 336 339 367 315 320 340 275 296 270 292 365 386 334 284 355
 286 237 238 354 333 357 371 373 376 300 280 282 211 285 304 283 231 255
 303 328 312 385 287 295 314 242 248 246 200 272 319 482 389 388 456 483
 449 387 411 430 427 424 522 550 552 502 569 548 545 549 574 480 435 408
 499 473 504 523 478 519 495 471 566 518 515 474 356 364 341 366 338 199
 176  41  59  38  79  50  72  76  24  29  83 112 136 135 182 250 253 229
 175 198 263 264 224 131  20  84  12  34  13  37  65  66  87  82  77 125
 132 111 114 110  88  81 126 171 128 155 153 133 159  43  63  86 106  54
  36 130 221 105 147 201 152 102 120 210 187 117  93  27  49   1   6  42
  19  22 113 138 115  68  10  67  64  61  45  60  16  11  31  32  98  99
  96  74 100 103 137 206 160 251 274 359 332 289 216 193 145 166 189 217
 190 165 121 122 146 241 342 298 222 226 247 271 204 177 322 294 384 313
 316 404 484 487 531 464 468 493 542 470 570 551 500 525 534 510 465 508
 559 536 572 547 544 497 453 407 403 406 443 399 395 307 330 370 347 349
 352 377 382 383 269 178 154  58   2  71  56  15  80  14  21  23  40  33
  30  48  26   3   8   5   9   4  25  75 172 149 139 116  47 141 150 191
 507 543 571 575 460 433 379 402 444 441 442 415 374 375 353 309 378 361
 360 391 413 431 450 447 445 397 418 301 372 417 416 452 329 494 517 467
 498 505 535 560 565 563 564 514 422 400 476 451 540 541 568 506 573 457
 429 425 448 469 537 538 492 396 258 326 348 420 463 509 555 530 440 392
 369 393 351 423 421 490 520 561 562 513 556 533 558 532 512 557 553]
30724

# 7000 iterations
[554 567 527 432 412 410 459 528 409 380 491 446 472 496 521 477 458 481
 455 501 526 524 479 436 365 292 270 182 202 197 289 191 150 141  47 116
 139 149 172  75  25   4   9   5   8   3  26  48  30  33  40  23  21  14
  80  15  56  24  29  83 112 136 135 199 250 253 176 151 161 183 251 274
 160 206 137 103 100  74  96  99  98  32  31  11  16  60  45  41 159 133
 153 155 128 171 126  81  88 110 114  17  39  55  57 123  78  52  51  35
 107 130 192 259 216 193 145 166 189 217 190 165 121 122 146  36  54 106
  86  63  43  20 131 224 264 263 198 175 229 242 331 257 261 305 324 489
 462 485 461 439 256 346 325 328 303 255 231 283 304 302 308 354 333 357
 384 313 240 195 239 260 238 237 286 355 284 334 386 362 318 337 293 267
 290 245 223 219 174 262 266 311 279 350 327 232 208 233 214 265 268 181
 252 345 321 343 363 368 414 434 454 546 539 511 488 486 438 394 419 516
 475 466 398 306 330 278 281 234 209 236 244 299 344 317 336 371 373 376
 300 280 282 211 285 312 385 287 295 314 291 310 335 358 401 426 444 441
 442 415 374 375 353 309 378 404 407 361 360 391 413 431 450 447 445 397
 418 301 372 417 416 452 329 494 497 453 498 505 565 563 564 514 422 400
 451 476 478 523 504 473 499 408 435 480 574 549 545 548 569 502 552 550
 522 424 427 430 411 387 449 483 456 388 389 482 319 272 200 246 248 225
 205 180 156  95 127 168 254 164 186 235 167  76  71   2  58 154 178 269
 316 241 339 294 322 177 204 271 247 226 222 298 342 367 315 320 340 275
 296 332 359 381 428 503 529 437 390 297 184 228 158  89 143 129  97  72
  50  79  38  59  61  64  67  10  68 115 138 113  22  19  42  62  91  90
  44 207 230 276 249 227 243 277 323 288 215 213 212 185 162 142 124 144
 118 140 119  70  94   6   1  49  27  93 117 187 210 120 102 152 201 147
 105 221 196 218 104 101 148 170 169 173 203 220 194 188 163  73   7  28
  53  84  12  34  13  37  65  66  87  82  77 125 132 111 109  85 108  46
  69  92  18 134 157 179 273 405 402 379 433 460 575 571 543 544 547 572
 536 559 508 465 510 534 507 535 560 517 467 484 487 531 464 468 493 542
 470 570 551 500 525 403 406 443 440 423 421 490 520 561 562 513 556 533
 530 555 509 463 420 348 326 258 396 492 538 537 469 448 425 429 457 573
 506 568 541 540 519 495 471 566 518 515 474 356 364 341 366 338 383 382
 377 352 349 347 370 307 395 399 392 369 393 351 558 532 512 557 553]
29199

# 8000 iterations
[554 567 527 528 459 410 412 432 409 380 491 446 472 496 521 477 458 481
 455 501 526 524 479 436 313 289 197 202 109  85 108  46  69  92  18 134
 157 179 273 287 295 314 291 310 335 358 401 426 405 312 362 359 384 357
 333 354 238 237 286 355 284 334 386 365 385 387 411 388 389 482 319 272
 200 246 248 225 205 180 156 154 178 269 316 381 428 503 529 437 390 297
 184 262 288 323 277 243 227 249 276 230 207 250 253 183 113  22  19  42
  62  91  90  44 182 270 292 336 317 344 299 244 236 209 234 281 278 302
 304 283 231 255 303 328 325 346 256 394 419 509 463 420 398 306 308 260
 239 195 240 145 193 216 259 192 166 189 217 190 165 210 187 117  93  27
  49   1   6 132 111 114 110  88  81 126 171 128 155 153 133 159  43  63
  86 106  54  36 130 107  35  51  52  78 123  57  55  39  17  53  28   7
  73  99  98  32  31  11  16  60  45  41  20  84  12  34  13  37  65  66
  87  82  77 125 101 148 170 169 173 203 220 194 188 163  72  97 129 143
 215 213 212 185 162 142 124 144 118 140 119  70  94  95 167 235 186 164
 254 168 127  76  71   2  58  89 158 228 174 263 264 224 131 105 147 201
 152 102 120 121 122 176 196 221 222 226 247 271 204 177 322 294 339 241
 218 104 146 151 161 138 115  68  10  67  64  61  59  38  79  50  96  74
 100 103 137 206 160 251 274 345 252 181 268 265 214 233 208 232 327 350
 279 311 266 267 293 337 318 296 275 340 320 315 449 483 456 430 427 424
 522 550 552 502 569 548 565 563 564 514 422 400 451 476 478 523 504 473
 499 408 435 480 574 549 545 505 498 453 497 494 329 452 416 417 372 332
 285 211 282 280 300 376 373 371 301 418 348 331 242 229 175 198 219 223
 245 290 367 342 298 321 343 363 368 414 434 454 546 539 511 488 486 438
 439 461 485 462 489 324 305 261 257 326 258 191 150 141  47 116 139 149
 172  75  25   4   9   5   8   3  26  48  30  33  40  23  21  14  80  15
  56  24  29  83 112 136 135 199 338 366 341 364 356 474 515 518 566 471
 495 519 540 541 475 469 448 425 429 457 573 506 568 572 547 544 542 470
 443 399 395 307 330 370 347 349 352 377 396 383 382 406 403 507 535 560
 537 538 492 570 551 500 525 534 510 465 467 466 516 397 445 447 450 431
 413 391 360 361 407 404 378 309 353 375 374 415 442 441 444 402 379 433
 460 575 571 543 536 559 508 484 487 517 493 468 464 531 555 530 440 392
 369 393 351 423 421 490 520 561 562 513 556 533 558 532 512 557 553]
27932

# 9000 iterations
[554 567 527 528 459 410 412 432 409 380 491 446 472 496 521 477 458 481
 455 501 526 524 479 436 313 289 197 202 157 134  18  92  69  46 108  85
 109 179 225 248 246 200 272 319 482 389 388 411 387 385 365 386 334 284
 324 305 261 257 326 258 191 150 149 139 116  47 141 172  75  25   4   9
   5   8   3  26  48  30  33  40  23  21  14  80  15  56  24  29  83 112
 136 135 199 269 178 154 156 180 205 273 287 295 314 291 310 335 358 401
 426 405 312 362 359 384 357 333 354 238 237 286 355 489 462 485 461 439
 438 486 488 511 539 546 454 434 414 368 363 343 321 298 342 367 299 344
 317 315 449 483 456 430 427 424 522 550 552 502 505 569 548 565 563 564
 514 422 400 451 476 478 523 504 473 499 408 435 480 574 549 545 498 453
 497 494 329 452 416 417 372 332 285 211 282 280 300 376 373 371 301 418
 348 331 336 292 270 182  44  90  91  62  42  19  22 113 183 253 250 207
 230 276 249 227 243 240 195 174 242 229 175 198 219 223 245 290 320 316
 381 428 503 529 437 390 297 184 228 158 159 133 153 155 128 105 131 224
 264 263 189 166 192 259 216 193 145 239 260 308 306 398 420 509 463 419
 394 256 346 325 328 232 208 233 214 265 268 181 252 345 274 251 160 206
 137 103 100  74  96  50  79  38  59  61  64  67  10  53  28   7  73  99
  98  32  31  11  16  60  45  41  20  84  12  34  13  37  65  66  87  82
  77 125 101 148 170 169 173 203 220 194 236 244 277 323 288 262 186 164
 254 168 127  76  71   2  58  55  57 123 146 151 161 138 115  68  17  39
  89  43  63  86 106 132 111 114 110  88  81 126 171 147 201 152 102 120
 121 122 176 196 221 222 226 247 271 204 177 322 294 339 311 279 350 327
 303 255 231 283 304 302 278 281 234 209 188 163  72  97 129 143 215 213
 212 185 162 142 124 144 118 140 119  70  94  95 167 235 217 190 165 210
 187 117  93  27  49   1   6  54  36 130 107  35  51  52  78 104 218 241
 266 267 293 337 318 296 275 340 338 366 341 364 356 474 475 541 540 519
 495 471 566 518 515 542 544 547 572 568 506 573 457 429 425 448 469 470
 443 421 423 351 393 369 392 440 530 555 531 464 468 493 570 551 575 571
 543 525 500 460 433 379 402 444 397 445 447 450 431 413 391 360 361 407
 404 378 309 353 375 374 399 395 307 330 370 347 349 352 377 396 383 382
 406 403 516 466 467 465 510 534 517 487 484 508 536 559 538 537 560 535
 507 415 442 441 492 490 520 561 562 513 556 533 558 532 512 557 553]
26522

# 10000 iterations
[554 567 527 528 524 479 436 313 289 197 202 157 134  18  92  69  46 108
  85 109 179 225 248 246 200 272 319 408 435 480 574 549 545 498 453 497
 494 329 452 416 417 372 324 310 335 358 401 426 405 312 362 359 384 357
 333 354 355 286 237 238 284 334 386 365 385 387 411 388 389 482 499 473
 504 523 526 501 455 481 458 477 521 496 472 446 491 380 409 432 412 410
 459 478 476 451 400 422 514 564 563 565 548 569 505 503 529 437 390 340
 320 274 345 297 228 184 158 159 133 153 155 128 171 126  81  88 110 114
 111 132 106  86  63  43  89  39  17  68 115 138 161 151 146 123  57  55
  58   2  71  76 152 102 120 121 122 104  78  52  51  35 107 130  36  54
   6   1  49  27  93 117 188 163  72  97 129 185 212 213 215 143 162 142
 124 144 118  75  25   4   9   5   8   3  26  48  30  33  40  23  21  14
  80  15  12  34  13  37  65  66  87  82  77 125 101 148 170 169 173 203
 160 206 137 103 100  74  96  50  79  38  59  61  64  67  10  53  28   7
  73  99  98  32  31  11  16  60  45  41  20  84  56  24  29  83 112 136
 135 199 269 222 226 247 271 204 177 322 294 339 311 279 350 327 303 255
 231 283 304 302 278 300 280 282 211 285 332 305 261 257 326 258 191 150
 141  47 116 139 149 172 140 119  70  94  95 167 235 217 190 165 210 187
 209 234 281 376 373 371 256 394 419 463 509 420 398 306 308 260 239 259
 216 193 145 192 166 189 263 264 224 131 105 147 201 127 168 254 164 186
 262 288 291 314 295 287 273 205 180 156 154 178 221 196 176 218 241 266
 267 293 337 318 296 275 251 252 181 268 265 194 220 290 245 223 219 240
 195 174 242 229 175 198 243 227 249 276 230 207 250 253 183 113  91  62
  42  19  22  90  44 182 270 292 336 331 348 418 301 346 325 328 232 208
 233 214 236 244 277 323 489 462 485 461 439 438 486 488 511 539 546 454
 434 414 368 363 367 342 298 321 343 299 344 317 315 449 483 456 430 427
 424 522 550 552 502 428 381 316 338 366 341 364 356 403 406 382 383 474
 475 541 540 471 495 519 493 468 464 513 562 561 520 490 492 441 442 415
 507 535 560 537 538 559 536 534 510 465 467 466 516 396 377 352 349 347
 370 330 307 395 399 374 375 353 309 378 404 407 361 360 391 413 431 450
 447 445 397 444 402 379 433 460 500 525 543 571 575 551 570 566 518 515
 542 544 547 572 568 506 573 457 429 425 448 469 470 443 421 423 351 393
 369 392 440 530 555 531 556 533 558 532 508 484 487 517 512 557 553]
25597
